==============================================
        支撑轴力迭代中间数据
        导出时间：2026/4/7 13:15:03
==============================================


LC  Iter   Obj(mm)     F1 (N)        F2 (N)        F3 (N)        F4 (N)        F5 (N)        F6 (N)      maxM (N*m)    minM (N*m)     maxQ (N)      minQ (N)
--  ----   -------  ------------  ------------  ------------  ------------  ------------  ------------  ------------  ------------  ------------  ------------
 4     1    5.6520  -5.1796e+004   3.0772e+005   0.0000e+000   0.0000e+000   0.0000e+000   0.0000e+000   3.1164e+005  -2.4515e+005   1.9622e+005  -1.0702e+005
 4     2    5.6520  -5.1796e+004   3.0772e+005   0.0000e+000   0.0000e+000   0.0000e+000   0.0000e+000   3.1164e+005  -2.4515e+005   1.9622e+005  -1.0702e+005
 4     3    5.6454  -4.6677e+004   2.9779e+005   0.0000e+000   0.0000e+000   0.0000e+000   0.0000e+000   2.8707e+005  -2.4590e+005   1.9141e+005  -1.0190e+005
 4     4    5.6454  -4.6677e+004   2.9779e+005   0.0000e+000   0.0000e+000   0.0000e+000   0.0000e+000   2.8707e+005  -2.4590e+005   1.9141e+005  -1.0190e+005
 4     5    5.6454  -4.6677e+004   2.9779e+005   0.0000e+000   0.0000e+000   0.0000e+000   0.0000e+000   2.8707e+005  -2.4590e+005   1.9141e+005  -1.0190e+005
 4     6    5.6454  -4.6677e+004   2.9779e+005   0.0000e+000   0.0000e+000   0.0000e+000   0.0000e+000   2.8707e+005  -2.4590e+005   1.9141e+005  -1.0190e+005
 4     7    5.6454  -4.6677e+004   2.9779e+005   0.0000e+000   0.0000e+000   0.0000e+000   0.0000e+000   2.8707e+005  -2.4590e+005   1.9141e+005  -1.0190e+005
 4     8    5.6454  -4.6677e+004   2.9779e+005   0.0000e+000   0.0000e+000   0.0000e+000   0.0000e+000   2.8707e+005  -2.4590e+005   1.9141e+005  -1.0190e+005
 4     9    5.6454  -4.6677e+004   2.9779e+005   0.0000e+000   0.0000e+000   0.0000e+000   0.0000e+000   2.8707e+005  -2.4590e+005   1.9141e+005  -1.0190e+005
 4    10    5.6454  -4.6677e+004   2.9779e+005   0.0000e+000   0.0000e+000   0.0000e+000   0.0000e+000   2.8707e+005  -2.4590e+005   1.9141e+005  -1.0190e+005
 4    11    5.6454  -4.6677e+004   2.9779e+005   0.0000e+000   0.0000e+000   0.0000e+000   0.0000e+000   2.8707e+005  -2.4590e+005   1.9141e+005  -1.0190e+005
 4    12    5.6454  -4.6677e+004   2.9779e+005   0.0000e+000   0.0000e+000   0.0000e+000   0.0000e+000   2.8707e+005  -2.4590e+005   1.9141e+005  -1.0190e+005
 4    13    5.6454  -4.6677e+004   2.9779e+005   0.0000e+000   0.0000e+000   0.0000e+000   0.0000e+000   2.8707e+005  -2.4590e+005   1.9141e+005  -1.0190e+005
 4    14    5.6454  -4.6677e+004   2.9779e+005   0.0000e+000   0.0000e+000   0.0000e+000   0.0000e+000   2.8707e+005  -2.4590e+005   1.9141e+005  -1.0190e+005
 4    15    5.6454  -4.6677e+004   2.9779e+005   0.0000e+000   0.0000e+000   0.0000e+000   0.0000e+000   2.8707e+005  -2.4590e+005   1.9141e+005  -1.0190e+005
 4    16    5.6454  -4.6677e+004   2.9779e+005   0.0000e+000   0.0000e+000   0.0000e+000   0.0000e+000   2.8707e+005  -2.4590e+005   1.9141e+005  -1.0190e+005
 4    17    5.6454  -4.6677e+004   2.9779e+005   0.0000e+000   0.0000e+000   0.0000e+000   0.0000e+000   2.8707e+005  -2.4590e+005   1.9141e+005  -1.0190e+005
 4    18    5.6454  -4.6677e+004   2.9779e+005   0.0000e+000   0.0000e+000   0.0000e+000   0.0000e+000   2.8707e+005  -2.4590e+005   1.9141e+005  -1.0190e+005
 4    19    5.6454  -4.6677e+004   2.9779e+005   0.0000e+000   0.0000e+000   0.0000e+000   0.0000e+000   2.8707e+005  -2.4590e+005   1.9141e+005  -1.0190e+005
 4    20    5.6454  -4.6677e+004   2.9779e+005   0.0000e+000   0.0000e+000   0.0000e+000   0.0000e+000   2.8707e+005  -2.4590e+005   1.9141e+005  -1.0190e+005
 4    21    5.6454  -4.6677e+004   2.9779e+005   0.0000e+000   0.0000e+000   0.0000e+000   0.0000e+000   2.8707e+005  -2.4590e+005   1.9141e+005  -1.0190e+005
 4    22    5.6454  -4.6677e+004   2.9779e+005   0.0000e+000   0.0000e+000   0.0000e+000   0.0000e+000   2.8707e+005  -2.4590e+005   1.9141e+005  -1.0190e+005
 4    23    5.6454  -4.6677e+004   2.9779e+005   0.0000e+000   0.0000e+000   0.0000e+000   0.0000e+000   2.8707e+005  -2.4590e+005   1.9141e+005  -1.0190e+005
 4    24    5.6454  -4.6677e+004   2.9779e+005   0.0000e+000   0.0000e+000   0.0000e+000   0.0000e+000   2.8707e+005  -2.4590e+005   1.9141e+005  -1.0190e+005
 4    25    5.6454  -4.6677e+004   2.9779e+005   0.0000e+000   0.0000e+000   0.0000e+000   0.0000e+000   2.8707e+005  -2.4590e+005   1.9141e+005  -1.0190e+005
 4    26    5.6454  -4.6677e+004   2.9779e+005   0.0000e+000   0.0000e+000   0.0000e+000   0.0000e+000   2.8707e+005  -2.4590e+005   1.9141e+005  -1.0190e+005
 4    27    5.6454  -4.6677e+004   2.9779e+005   0.0000e+000   0.0000e+000   0.0000e+000   0.0000e+000   2.8707e+005  -2.4590e+005   1.9141e+005  -1.0190e+005
 4    28    5.6454  -4.6677e+004   2.9779e+005   0.0000e+000   0.0000e+000   0.0000e+000   0.0000e+000   2.8707e+005  -2.4590e+005   1.9141e+005  -1.0190e+005
 4    29    5.6454  -4.6677e+004   2.9779e+005   0.0000e+000   0.0000e+000   0.0000e+000   0.0000e+000   2.8707e+005  -2.4590e+005   1.9141e+005  -1.0190e+005
 4    30    5.6454  -4.6677e+004   2.9779e+005   0.0000e+000   0.0000e+000   0.0000e+000   0.0000e+000   2.8707e+005  -2.4590e+005   1.9141e+005  -1.0190e+005
 5    31    9.4582  -1.8252e+005   6.7520e+005   0.0000e+000   0.0000e+000   0.0000e+000   0.0000e+000   9.3912e+005  -6.6833e+005   4.3297e+005  -2.3774e+005
 5    32    9.1642  -1.9782e+005   7.0111e+005   0.0000e+000   0.0000e+000   0.0000e+000   0.0000e+000   1.0125e+006  -6.6394e+005   4.4359e+005  -2.5304e+005
 5    33    9.1642  -1.9782e+005   7.0111e+005   0.0000e+000   0.0000e+000   0.0000e+000   0.0000e+000   1.0125e+006  -6.6394e+005   4.4359e+005  -2.5304e+005
 5    34    9.1642  -1.9782e+005   7.0111e+005   0.0000e+000   0.0000e+000   0.0000e+000   0.0000e+000   1.0125e+006  -6.6394e+005   4.4359e+005  -2.5304e+005
 5    35    9.1642  -1.9782e+005   7.0111e+005   0.0000e+000   0.0000e+000   0.0000e+000   0.0000e+000   1.0125e+006  -6.6394e+005   4.4359e+005  -2.5304e+005
 5    36    9.1642  -1.9782e+005   7.0111e+005   0.0000e+000   0.0000e+000   0.0000e+000   0.0000e+000   1.0125e+006  -6.6394e+005   4.4359e+005  -2.5304e+005
 5    37    9.1642  -1.9782e+005   7.0111e+005   0.0000e+000   0.0000e+000   0.0000e+000   0.0000e+000   1.0125e+006  -6.6394e+005   4.4359e+005  -2.5304e+005
 5    38    9.1642  -1.9782e+005   7.0111e+005   0.0000e+000   0.0000e+000   0.0000e+000   0.0000e+000   1.0125e+006  -6.6394e+005   4.4359e+005  -2.5304e+005
 5    39    9.1068  -2.0085e+005   7.0626e+005   0.0000e+000   0.0000e+000   0.0000e+000   0.0000e+000   1.0271e+006  -6.6317e+005   4.4570e+005  -2.5608e+005
 5    40    9.0018  -2.0656e+005   7.1593e+005   0.0000e+000   0.0000e+000   0.0000e+000   0.0000e+000   1.0545e+006  -6.6172e+005   4.4966e+005  -2.6179e+005
 5    41    9.0018  -2.0656e+005   7.1593e+005   0.0000e+000   0.0000e+000   0.0000e+000   0.0000e+000   1.0545e+006  -6.6172e+005   4.4966e+005  -2.6179e+005
 5    42    9.0018  -2.0656e+005   7.1593e+005   0.0000e+000   0.0000e+000   0.0000e+000   0.0000e+000   1.0545e+006  -6.6172e+005   4.4966e+005  -2.6179e+005
 5    43    9.0018  -2.0656e+005   7.1593e+005   0.0000e+000   0.0000e+000   0.0000e+000   0.0000e+000   1.0545e+006  -6.6172e+005   4.4966e+005  -2.6179e+005
 5    44    8.9851  -2.0747e+005   7.1746e+005   0.0000e+000   0.0000e+000   0.0000e+000   0.0000e+000   1.0589e+006  -6.6149e+005   4.5029e+005  -2.6269e+005
 5    45    8.9795  -2.0777e+005   7.1798e+005   0.0000e+000   0.0000e+000   0.0000e+000   0.0000e+000   1.0603e+006  -6.6141e+005   4.5051e+005  -2.6300e+005
 5    46    8.9795  -2.0777e+005   7.1798e+005   0.0000e+000   0.0000e+000   0.0000e+000   0.0000e+000   1.0603e+006  -6.6141e+005   4.5051e+005  -2.6300e+005
 5    47    8.9795  -2.0777e+005   7.1798e+005   0.0000e+000   0.0000e+000   0.0000e+000   0.0000e+000   1.0603e+006  -6.6141e+005   4.5051e+005  -2.6300e+005
 5    48    8.9794  -2.0778e+005   7.1799e+005   0.0000e+000   0.0000e+000   0.0000e+000   0.0000e+000   1.0604e+006  -6.6141e+005   4.5051e+005  -2.6300e+005
 5    49    8.9794  -2.0778e+005   7.1799e+005   0.0000e+000   0.0000e+000   0.0000e+000   0.0000e+000   1.0604e+006  -6.6141e+005   4.5051e+005  -2.6300e+005
 5    50    8.9793  -2.0778e+005   7.1800e+005   0.0000e+000   0.0000e+000   0.0000e+000   0.0000e+000   1.0604e+006  -6.6141e+005   4.5051e+005  -2.6300e+005
 5    51    8.9793  -2.0778e+005   7.1800e+005   0.0000e+000   0.0000e+000   0.0000e+000   0.0000e+000   1.0604e+006  -6.6141e+005   4.5051e+005  -2.6300e+005
 5    52    8.9793  -2.0778e+005   7.1800e+005   0.0000e+000   0.0000e+000   0.0000e+000   0.0000e+000   1.0604e+006  -6.6141e+005   4.5051e+005  -2.6301e+005
 5    53    8.9793  -2.0778e+005   7.1800e+005   0.0000e+000   0.0000e+000   0.0000e+000   0.0000e+000   1.0604e+006  -6.6141e+005   4.5051e+005  -2.6301e+005
 5    54    8.9793  -2.0778e+005   7.1800e+005   0.0000e+000   0.0000e+000   0.0000e+000   0.0000e+000   1.0604e+006  -6.6141e+005   4.5051e+005  -2.6301e+005
 5    55    8.9793  -2.0778e+005   7.1800e+005   0.0000e+000   0.0000e+000   0.0000e+000   0.0000e+000   1.0604e+006  -6.6141e+005   4.5051e+005  -2.6301e+005
 5    56    8.9793  -2.0778e+005   7.1800e+005   0.0000e+000   0.0000e+000   0.0000e+000   0.0000e+000   1.0604e+006  -6.6141e+005   4.5051e+005  -2.6301e+005
 5    57    8.9793  -2.0778e+005   7.1800e+005   0.0000e+000   0.0000e+000   0.0000e+000   0.0000e+000   1.0604e+006  -6.6141e+005   4.5051e+005  -2.6301e+005
 5    58    8.9793  -2.0778e+005   7.1800e+005   0.0000e+000   0.0000e+000   0.0000e+000   0.0000e+000   1.0604e+006  -6.6141e+005   4.5051e+005  -2.6301e+005
 5    59    8.9793  -2.0778e+005   7.1800e+005   0.0000e+000   0.0000e+000   0.0000e+000   0.0000e+000   1.0604e+006  -6.6141e+005   4.5051e+005  -2.6301e+005
 5    60    8.9793  -2.0778e+005   7.1800e+005   0.0000e+000   0.0000e+000   0.0000e+000   0.0000e+000   1.0604e+006  -6.6141e+005   4.5051e+005  -2.6301e+005
 6    61    6.2514  -4.5749e+004   1.3416e+005   5.8009e+005   0.0000e+000   0.0000e+000   0.0000e+000   4.9917e+005  -4.4933e+005   3.9685e+005  -1.6982e+005
 6    62    5.8587  -6.7681e+004   9.7777e+004   7.1800e+005   0.0000e+000   0.0000e+000   0.0000e+000   8.2604e+005  -4.8546e+005   4.7645e+005  -2.2813e+005
 6    63    5.8587  -6.7681e+004   9.7777e+004   7.1800e+005   0.0000e+000   0.0000e+000   0.0000e+000   8.2604e+005  -4.8546e+005   4.7645e+005  -2.2813e+005
 6    64    5.8587  -6.7681e+004   9.7777e+004   7.1800e+005   0.0000e+000   0.0000e+000   0.0000e+000   8.2604e+005  -4.8546e+005   4.7645e+005  -2.2813e+005
 6    65    5.8439  -5.8736e+004   8.2622e+004   7.1800e+005   0.0000e+000   0.0000e+000   0.0000e+000   8.0670e+005  -4.7734e+005   4.7024e+005  -2.3434e+005
 6    66    5.8439  -5.8736e+004   8.2622e+004   7.1800e+005   0.0000e+000   0.0000e+000   0.0000e+000   8.0670e+005  -4.7734e+005   4.7024e+005  -2.3434e+005
 6    67    5.8341  -5.2788e+004   7.2546e+004   7.1800e+005   0.0000e+000   0.0000e+000   0.0000e+000   7.9384e+005  -4.7215e+005   4.6611e+005  -2.3847e+005
 6    68    5.8341  -5.2788e+004   7.2546e+004   7.1800e+005   0.0000e+000   0.0000e+000   0.0000e+000   7.9384e+005  -4.7215e+005   4.6611e+005  -2.3847e+005
 6    69    5.8341  -5.2788e+004   7.2546e+004   7.1800e+005   0.0000e+000   0.0000e+000   0.0000e+000   7.9384e+005  -4.7215e+005   4.6611e+005  -2.3847e+005
 6    70    5.8341  -5.2788e+004   7.2546e+004   7.1800e+005   0.0000e+000   0.0000e+000   0.0000e+000   7.9384e+005  -4.7215e+005   4.6611e+005  -2.3847e+005
 6    71    5.8336  -5.2534e+004   7.2115e+004   7.1800e+005   0.0000e+000   0.0000e+000   0.0000e+000   7.9329e+005  -4.7193e+005   4.6594e+005  -2.3865e+005
 6    72    5.8336  -5.2534e+004   7.2115e+004   7.1800e+005   0.0000e+000   0.0000e+000   0.0000e+000   7.9329e+005  -4.7193e+005   4.6594e+005  -2.3865e+005
 6    73    5.8336  -5.2534e+004   7.2115e+004   7.1800e+005   0.0000e+000   0.0000e+000   0.0000e+000   7.9329e+005  -4.7193e+005   4.6594e+005  -2.3865e+005
 6    74    5.8336  -5.2529e+004   7.2107e+004   7.1800e+005   0.0000e+000   0.0000e+000   0.0000e+000   7.9328e+005  -4.7193e+005   4.6593e+005  -2.3865e+005
 6    75    5.8336  -5.2529e+004   7.2107e+004   7.1800e+005   0.0000e+000   0.0000e+000   0.0000e+000   7.9328e+005  -4.7193e+005   4.6593e+005  -2.3865e+005
 6    76    5.8336  -5.2529e+004   7.2107e+004   7.1800e+005   0.0000e+000   0.0000e+000   0.0000e+000   7.9328e+005  -4.7193e+005   4.6593e+005  -2.3865e+005
 6    77    5.8336  -5.2526e+004   7.2101e+004   7.1800e+005   0.0000e+000   0.0000e+000   0.0000e+000   7.9327e+005  -4.7193e+005   4.6593e+005  -2.3865e+005
 6    78    5.8336  -5.2526e+004   7.2101e+004   7.1800e+005   0.0000e+000   0.0000e+000   0.0000e+000   7.9327e+005  -4.7193e+005   4.6593e+005  -2.3865e+005
 6    79    5.8336  -5.2526e+004   7.2101e+004   7.1800e+005   0.0000e+000   0.0000e+000   0.0000e+000   7.9327e+005  -4.7193e+005   4.6593e+005  -2.3865e+005
 6    80    5.8336  -5.2526e+004   7.2101e+004   7.1800e+005   0.0000e+000   0.0000e+000   0.0000e+000   7.9327e+005  -4.7193e+005   4.6593e+005  -2.3865e+005
 6    81    5.8336  -5.2526e+004   7.2101e+004   7.1800e+005   0.0000e+000   0.0000e+000   0.0000e+000   7.9327e+005  -4.7193e+005   4.6593e+005  -2.3865e+005
 6    82    5.8335  -5.2460e+004   7.1989e+004   7.1800e+005   0.0000e+000   0.0000e+000   0.0000e+000   7.9313e+005  -4.7187e+005   4.6588e+005  -2.3870e+005
 6    83    5.8334  -5.2413e+004   7.1909e+004   7.1800e+005   0.0000e+000   0.0000e+000   0.0000e+000   7.9303e+005  -4.7183e+005   4.6585e+005  -2.3873e+005
 6    84    5.8334  -5.2379e+004   7.1852e+004   7.1800e+005   0.0000e+000   0.0000e+000   0.0000e+000   7.9295e+005  -4.7180e+005   4.6583e+005  -2.3875e+005
 6    85    5.8333  -5.2356e+004   7.1812e+004   7.1800e+005   0.0000e+000   0.0000e+000   0.0000e+000   7.9290e+005  -4.7178e+005   4.6581e+005  -2.3877e+005
 6    86    5.8333  -5.2356e+004   7.1812e+004   7.1800e+005   0.0000e+000   0.0000e+000   0.0000e+000   7.9290e+005  -4.7178e+005   4.6581e+005  -2.3877e+005
 6    87    5.8333  -5.2354e+004   7.1810e+004   7.1800e+005   0.0000e+000   0.0000e+000   0.0000e+000   7.9290e+005  -4.7178e+005   4.6581e+005  -2.3877e+005
 6    88    5.8333  -5.2354e+004   7.1810e+004   7.1800e+005   0.0000e+000   0.0000e+000   0.0000e+000   7.9290e+005  -4.7178e+005   4.6581e+005  -2.3877e+005
 6    89    5.8333  -5.2352e+004   7.1806e+004   7.1800e+005   0.0000e+000   0.0000e+000   0.0000e+000   7.9290e+005  -4.7178e+005   4.6581e+005  -2.3877e+005
 6    90    5.8333  -5.2352e+004   7.1806e+004   7.1800e+005   0.0000e+000   0.0000e+000   0.0000e+000   7.9290e+005  -4.7178e+005   4.6581e+005  -2.3877e+005
 6    91    5.8333  -5.2352e+004   7.1806e+004   7.1800e+005   0.0000e+000   0.0000e+000   0.0000e+000   7.9290e+005  -4.7178e+005   4.6581e+005  -2.3877e+005
 6    92    5.8333  -5.2349e+004   7.1802e+004   7.1800e+005   0.0000e+000   0.0000e+000   0.0000e+000   7.9289e+005  -4.7177e+005   4.6581e+005  -2.3877e+005
 6    93    5.8333  -5.2349e+004   7.1802e+004   7.1800e+005   0.0000e+000   0.0000e+000   0.0000e+000   7.9289e+005  -4.7177e+005   4.6581e+005  -2.3877e+005
 6    94    5.8333  -5.2349e+004   7.1802e+004   7.1800e+005   0.0000e+000   0.0000e+000   0.0000e+000   7.9289e+005  -4.7177e+005   4.6581e+005  -2.3877e+005
 6    95    5.8333  -5.2349e+004   7.1802e+004   7.1800e+005   0.0000e+000   0.0000e+000   0.0000e+000   7.9289e+005  -4.7177e+005   4.6581e+005  -2.3877e+005
 6    96    5.8333  -5.2349e+004   7.1802e+004   7.1800e+005   0.0000e+000   0.0000e+000   0.0000e+000   7.9289e+005  -4.7177e+005   4.6581e+005  -2.3877e+005
 6    97    5.8333  -5.2349e+004   7.1802e+004   7.1800e+005   0.0000e+000   0.0000e+000   0.0000e+000   7.9289e+005  -4.7177e+005   4.6581e+005  -2.3877e+005
 6    98    5.8333  -5.2349e+004   7.1802e+004   7.1800e+005   0.0000e+000   0.0000e+000   0.0000e+000   7.9289e+005  -4.7177e+005   4.6581e+005  -2.3877e+005
 6    99    5.8333  -5.2349e+004   7.1802e+004   7.1800e+005   0.0000e+000   0.0000e+000   0.0000e+000   7.9289e+005  -4.7177e+005   4.6581e+005  -2.3877e+005
 6   100    5.8333  -5.2349e+004   7.1801e+004   7.1800e+005   0.0000e+000   0.0000e+000   0.0000e+000   7.9289e+005  -4.7177e+005   4.6581e+005  -2.3877e+005
 6   101    5.8333  -5.2349e+004   7.1801e+004   7.1800e+005   0.0000e+000   0.0000e+000   0.0000e+000   7.9289e+005  -4.7177e+005   4.6581e+005  -2.3877e+005
 6   102    5.8333  -5.2349e+004   7.1801e+004   7.1800e+005   0.0000e+000   0.0000e+000   0.0000e+000   7.9289e+005  -4.7177e+005   4.6581e+005  -2.3877e+005
 6   103    5.8333  -5.2349e+004   7.1800e+004   7.1800e+005   0.0000e+000   0.0000e+000   0.0000e+000   7.9289e+005  -4.7177e+005   4.6581e+005  -2.3877e+005
 6   104    5.8333  -5.2348e+004   7.1800e+004   7.1800e+005   0.0000e+000   0.0000e+000   0.0000e+000   7.9289e+005  -4.7177e+005   4.6581e+005  -2.3877e+005
 6   105    5.8333  -5.2348e+004   7.1800e+004   7.1800e+005   0.0000e+000   0.0000e+000   0.0000e+000   7.9289e+005  -4.7177e+005   4.6581e+005  -2.3877e+005
 6   106    5.8333  -5.2348e+004   7.1800e+004   7.1800e+005   0.0000e+000   0.0000e+000   0.0000e+000   7.9289e+005  -4.7177e+005   4.6581e+005  -2.3877e+005
 6   107    5.8333  -5.2348e+004   7.1800e+004   7.1800e+005   0.0000e+000   0.0000e+000   0.0000e+000   7.9289e+005  -4.7177e+005   4.6581e+005  -2.3877e+005
 6   108    5.8333  -5.2348e+004   7.1800e+004   7.1800e+005   0.0000e+000   0.0000e+000   0.0000e+000   7.9289e+005  -4.7177e+005   4.6581e+005  -2.3877e+005
 6   109    5.8333  -5.2348e+004   7.1800e+004   7.1800e+005   0.0000e+000   0.0000e+000   0.0000e+000   7.9289e+005  -4.7177e+005   4.6581e+005  -2.3877e+005
 6   110    5.8333  -5.2348e+004   7.1800e+004   7.1800e+005   0.0000e+000   0.0000e+000   0.0000e+000   7.9289e+005  -4.7177e+005   4.6581e+005  -2.3877e+005
 6   111    5.8333  -5.2348e+004   7.1800e+004   7.1800e+005   0.0000e+000   0.0000e+000   0.0000e+000   7.9289e+005  -4.7177e+005   4.6581e+005  -2.3877e+005
 6   112    5.8333  -5.2348e+004   7.1800e+004   7.1800e+005   0.0000e+000   0.0000e+000   0.0000e+000   7.9289e+005  -4.7177e+005   4.6581e+005  -2.3877e+005
 6   113    5.8333  -5.2348e+004   7.1800e+004   7.1800e+005   0.0000e+000   0.0000e+000   0.0000e+000   7.9289e+005  -4.7177e+005   4.6581e+005  -2.3877e+005
 6   114    5.8333  -5.2348e+004   7.1800e+004   7.1800e+005   0.0000e+000   0.0000e+000   0.0000e+000   7.9289e+005  -4.7177e+005   4.6581e+005  -2.3877e+005
 6   115    5.8333  -5.2348e+004   7.1800e+004   7.1800e+005   0.0000e+000   0.0000e+000   0.0000e+000   7.9289e+005  -4.7177e+005   4.6581e+005  -2.3877e+005
 6   116    5.8333  -5.2348e+004   7.1800e+004   7.1800e+005   0.0000e+000   0.0000e+000   0.0000e+000   7.9289e+005  -4.7177e+005   4.6581e+005  -2.3877e+005
 6   117    5.8333  -5.2348e+004   7.1800e+004   7.1800e+005   0.0000e+000   0.0000e+000   0.0000e+000   7.9289e+005  -4.7177e+005   4.6581e+005  -2.3877e+005
 6   118    5.8333  -5.2348e+004   7.1800e+004   7.1800e+005   0.0000e+000   0.0000e+000   0.0000e+000   7.9289e+005  -4.7177e+005   4.6581e+005  -2.3877e+005
 6   119    5.8333  -5.2348e+004   7.1800e+004   7.1800e+005   0.0000e+000   0.0000e+000   0.0000e+000   7.9289e+005  -4.7177e+005   4.6581e+005  -2.3877e+005
 6   120    5.8333  -5.2348e+004   7.1800e+004   7.1800e+005   0.0000e+000   0.0000e+000   0.0000e+000   7.9289e+005  -4.7177e+005   4.6581e+005  -2.3877e+005
 7   121    9.8835  -2.4401e+005   4.7797e+005   6.8775e+005   0.0000e+000   0.0000e+000   0.0000e+000   1.2343e+006  -9.7804e+005   6.5006e+005  -2.9923e+005
 7   122    9.8835  -2.4401e+005   4.7797e+005   6.8775e+005   0.0000e+000   0.0000e+000   0.0000e+000   1.2343e+006  -9.7804e+005   6.5006e+005  -2.9923e+005
 7   123    9.8835  -2.4401e+005   4.7797e+005   6.8775e+005   0.0000e+000   0.0000e+000   0.0000e+000   1.2343e+006  -9.7804e+005   6.5006e+005  -2.9923e+005
 7   124    9.8835  -2.4401e+005   4.7797e+005   6.8775e+005   0.0000e+000   0.0000e+000   0.0000e+000   1.2343e+006  -9.7804e+005   6.5006e+005  -2.9923e+005
 7   125    9.8835  -2.4401e+005   4.7797e+005   6.8775e+005   0.0000e+000   0.0000e+000   0.0000e+000   1.2343e+006  -9.7804e+005   6.5006e+005  -2.9923e+005
 7   126    9.8835  -2.4401e+005   4.7797e+005   6.8775e+005   0.0000e+000   0.0000e+000   0.0000e+000   1.2343e+006  -9.7804e+005   6.5006e+005  -2.9923e+005
 7   127    9.8835  -2.4401e+005   4.7797e+005   6.8775e+005   0.0000e+000   0.0000e+000   0.0000e+000   1.2343e+006  -9.7804e+005   6.5006e+005  -2.9923e+005
 7   128    9.8835  -2.4401e+005   4.7797e+005   6.8775e+005   0.0000e+000   0.0000e+000   0.0000e+000   1.2343e+006  -9.7804e+005   6.5006e+005  -2.9923e+005
 7   129    9.8835  -2.4401e+005   4.7797e+005   6.8775e+005   0.0000e+000   0.0000e+000   0.0000e+000   1.2343e+006  -9.7804e+005   6.5006e+005  -2.9923e+005
 7   130    9.8835  -2.4401e+005   4.7797e+005   6.8775e+005   0.0000e+000   0.0000e+000   0.0000e+000   1.2343e+006  -9.7804e+005   6.5006e+005  -2.9923e+005
 7   131    9.8835  -2.4401e+005   4.7797e+005   6.8775e+005   0.0000e+000   0.0000e+000   0.0000e+000   1.2343e+006  -9.7804e+005   6.5006e+005  -2.9923e+005
 7   132    9.8231  -2.4488e+005   4.7641e+005   6.9252e+005   0.0000e+000   0.0000e+000   0.0000e+000   1.2385e+006  -9.7768e+005   6.5240e+005  -3.0011e+005
 7   133    9.8231  -2.4488e+005   4.7641e+005   6.9252e+005   0.0000e+000   0.0000e+000   0.0000e+000   1.2385e+006  -9.7768e+005   6.5240e+005  -3.0011e+005
 7   134    9.8005  -2.3257e+005   4.4368e+005   7.1483e+005   0.0000e+000   0.0000e+000   0.0000e+000   1.1793e+006  -9.7016e+005   6.5430e+005  -2.8779e+005
 7   135    9.8005  -2.3257e+005   4.4368e+005   7.1483e+005   0.0000e+000   0.0000e+000   0.0000e+000   1.1793e+006  -9.7016e+005   6.5430e+005  -2.8779e+005
 7   136    9.7909  -2.5786e+005   5.0728e+005   6.7493e+005   0.0000e+000   0.0000e+000   0.0000e+000   1.3007e+006  -9.8476e+005   6.5271e+005  -3.1308e+005
 7   137    9.7909  -2.5786e+005   5.0728e+005   6.7493e+005   0.0000e+000   0.0000e+000   0.0000e+000   1.3007e+006  -9.8476e+005   6.5271e+005  -3.1308e+005
 7   138    9.7909  -2.5786e+005   5.0728e+005   6.7493e+005   0.0000e+000   0.0000e+000   0.0000e+000   1.3007e+006  -9.8476e+005   6.5271e+005  -3.1308e+005
 7   139    9.7909  -2.5786e+005   5.0728e+005   6.7493e+005   0.0000e+000   0.0000e+000   0.0000e+000   1.3007e+006  -9.8476e+005   6.5271e+005  -3.1308e+005
 7   140    9.7909  -2.5786e+005   5.0728e+005   6.7493e+005   0.0000e+000   0.0000e+000   0.0000e+000   1.3007e+006  -9.8476e+005   6.5271e+005  -3.1308e+005
 7   141    9.7072  -2.6972e+005   5.3191e+005   6.6472e+005   0.0000e+000   0.0000e+000   0.0000e+000   1.3577e+006  -9.9040e+005   6.5527e+005  -3.2494e+005
 7   142    9.7072  -2.6972e+005   5.3191e+005   6.6472e+005   0.0000e+000   0.0000e+000   0.0000e+000   1.3577e+006  -9.9040e+005   6.5527e+005  -3.2494e+005
 7   143    9.7072  -2.6972e+005   5.3191e+005   6.6472e+005   0.0000e+000   0.0000e+000   0.0000e+000   1.3577e+006  -9.9040e+005   6.5527e+005  -3.2494e+005
 7   144    9.7072  -2.6972e+005   5.3191e+005   6.6472e+005   0.0000e+000   0.0000e+000   0.0000e+000   1.3577e+006  -9.9040e+005   6.5527e+005  -3.2494e+005
 7   145    9.6131  -2.5985e+005   5.0074e+005   6.9070e+005   0.0000e+000   0.0000e+000   0.0000e+000   1.3103e+006  -9.8323e+005   6.5995e+005  -3.1507e+005
 7   146    9.6131  -2.5985e+005   5.0074e+005   6.9070e+005   0.0000e+000   0.0000e+000   0.0000e+000   1.3103e+006  -9.8323e+005   6.5995e+005  -3.1507e+005
 7   147    9.6131  -2.5985e+005   5.0074e+005   6.9070e+005   0.0000e+000   0.0000e+000   0.0000e+000   1.3103e+006  -9.8323e+005   6.5995e+005  -3.1507e+005
 7   148    9.6131  -2.5985e+005   5.0074e+005   6.9070e+005   0.0000e+000   0.0000e+000   0.0000e+000   1.3103e+006  -9.8323e+005   6.5995e+005  -3.1507e+005
 7   149    9.6131  -2.5985e+005   5.0074e+005   6.9070e+005   0.0000e+000   0.0000e+000   0.0000e+000   1.3103e+006  -9.8323e+005   6.5995e+005  -3.1507e+005
 7   150    9.6131  -2.5985e+005   5.0074e+005   6.9070e+005   0.0000e+000   0.0000e+000   0.0000e+000   1.3103e+006  -9.8323e+005   6.5995e+005  -3.1507e+005
 7   151    9.6131  -2.5985e+005   5.0074e+005   6.9070e+005   0.0000e+000   0.0000e+000   0.0000e+000   1.3103e+006  -9.8323e+005   6.5995e+005  -3.1507e+005
 7   152    9.6131  -2.5985e+005   5.0074e+005   6.9070e+005   0.0000e+000   0.0000e+000   0.0000e+000   1.3103e+006  -9.8323e+005   6.5995e+005  -3.1507e+005
 7   153    9.6131  -2.5985e+005   5.0074e+005   6.9070e+005   0.0000e+000   0.0000e+000   0.0000e+000   1.3103e+006  -9.8323e+005   6.5995e+005  -3.1507e+005
 7   154    9.6131  -2.5985e+005   5.0074e+005   6.9070e+005   0.0000e+000   0.0000e+000   0.0000e+000   1.3103e+006  -9.8323e+005   6.5995e+005  -3.1507e+005
 7   155    9.6131  -2.5985e+005   5.0074e+005   6.9070e+005   0.0000e+000   0.0000e+000   0.0000e+000   1.3103e+006  -9.8323e+005   6.5995e+005  -3.1507e+005
 7   156    9.6131  -2.5985e+005   5.0074e+005   6.9070e+005   0.0000e+000   0.0000e+000   0.0000e+000   1.3103e+006  -9.8323e+005   6.5995e+005  -3.1507e+005
 7   157    9.6131  -2.5985e+005   5.0074e+005   6.9070e+005   0.0000e+000   0.0000e+000   0.0000e+000   1.3103e+006  -9.8323e+005   6.5995e+005  -3.1507e+005
 7   158    9.6131  -2.5985e+005   5.0074e+005   6.9070e+005   0.0000e+000   0.0000e+000   0.0000e+000   1.3103e+006  -9.8323e+005   6.5995e+005  -3.1507e+005
 7   159    9.6131  -2.5985e+005   5.0074e+005   6.9070e+005   0.0000e+000   0.0000e+000   0.0000e+000   1.3103e+006  -9.8323e+005   6.5995e+005  -3.1507e+005
 7   160    9.6131  -2.5985e+005   5.0074e+005   6.9070e+005   0.0000e+000   0.0000e+000   0.0000e+000   1.3103e+006  -9.8323e+005   6.5995e+005  -3.1507e+005
 7   161    9.6131  -2.5985e+005   5.0074e+005   6.9070e+005   0.0000e+000   0.0000e+000   0.0000e+000   1.3103e+006  -9.8323e+005   6.5995e+005  -3.1507e+005
 7   162    9.6131  -2.5985e+005   5.0074e+005   6.9070e+005   0.0000e+000   0.0000e+000   0.0000e+000   1.3103e+006  -9.8323e+005   6.5995e+005  -3.1507e+005
 7   163    9.6131  -2.5985e+005   5.0074e+005   6.9070e+005   0.0000e+000   0.0000e+000   0.0000e+000   1.3103e+006  -9.8323e+005   6.5995e+005  -3.1507e+005
 7   164    9.6131  -2.5985e+005   5.0074e+005   6.9070e+005   0.0000e+000   0.0000e+000   0.0000e+000   1.3103e+006  -9.8323e+005   6.5995e+005  -3.1507e+005
 7   165    9.6131  -2.5985e+005   5.0074e+005   6.9070e+005   0.0000e+000   0.0000e+000   0.0000e+000   1.3103e+006  -9.8323e+005   6.5995e+005  -3.1507e+005
 7   166    9.6131  -2.5985e+005   5.0074e+005   6.9070e+005   0.0000e+000   0.0000e+000   0.0000e+000   1.3103e+006  -9.8323e+005   6.5995e+005  -3.1507e+005
 7   167    9.6131  -2.5985e+005   5.0074e+005   6.9070e+005   0.0000e+000   0.0000e+000   0.0000e+000   1.3103e+006  -9.8323e+005   6.5995e+005  -3.1507e+005
 7   168    9.6131  -2.5985e+005   5.0074e+005   6.9070e+005   0.0000e+000   0.0000e+000   0.0000e+000   1.3103e+006  -9.8323e+005   6.5995e+005  -3.1507e+005
 7   169    9.6131  -2.5985e+005   5.0074e+005   6.9070e+005   0.0000e+000   0.0000e+000   0.0000e+000   1.3103e+006  -9.8323e+005   6.5995e+005  -3.1507e+005
 7   170    9.6131  -2.5985e+005   5.0074e+005   6.9070e+005   0.0000e+000   0.0000e+000   0.0000e+000   1.3103e+006  -9.8323e+005   6.5995e+005  -3.1507e+005
 7   171    9.6131  -2.5985e+005   5.0074e+005   6.9070e+005   0.0000e+000   0.0000e+000   0.0000e+000   1.3103e+006  -9.8323e+005   6.5995e+005  -3.1507e+005
 7   172    9.6131  -2.5985e+005   5.0074e+005   6.9070e+005   0.0000e+000   0.0000e+000   0.0000e+000   1.3103e+006  -9.8323e+005   6.5995e+005  -3.1507e+005
 7   173    9.6131  -2.5985e+005   5.0074e+005   6.9070e+005   0.0000e+000   0.0000e+000   0.0000e+000   1.3103e+006  -9.8323e+005   6.5995e+005  -3.1507e+005
 7   174    9.6131  -2.5985e+005   5.0074e+005   6.9070e+005   0.0000e+000   0.0000e+000   0.0000e+000   1.3103e+006  -9.8323e+005   6.5995e+005  -3.1507e+005
 7   175    9.6131  -2.5985e+005   5.0074e+005   6.9070e+005   0.0000e+000   0.0000e+000   0.0000e+000   1.3103e+006  -9.8323e+005   6.5995e+005  -3.1507e+005
 7   176    9.6131  -2.5985e+005   5.0074e+005   6.9070e+005   0.0000e+000   0.0000e+000   0.0000e+000   1.3103e+006  -9.8323e+005   6.5995e+005  -3.1507e+005
 7   177    9.6131  -2.5985e+005   5.0074e+005   6.9070e+005   0.0000e+000   0.0000e+000   0.0000e+000   1.3103e+006  -9.8323e+005   6.5995e+005  -3.1507e+005
 7   178    9.6131  -2.5985e+005   5.0074e+005   6.9070e+005   0.0000e+000   0.0000e+000   0.0000e+000   1.3103e+006  -9.8323e+005   6.5995e+005  -3.1507e+005
 7   179    9.6131  -2.5985e+005   5.0074e+005   6.9070e+005   0.0000e+000   0.0000e+000   0.0000e+000   1.3103e+006  -9.8323e+005   6.5995e+005  -3.1507e+005
 7   180    9.6131  -2.5985e+005   5.0074e+005   6.9070e+005   0.0000e+000   0.0000e+000   0.0000e+000   1.3103e+006  -9.8323e+005   6.5995e+005  -3.1507e+005
 8   181   11.6118  -1.3843e+005   3.0683e+005   6.9978e+005   0.0000e+000   0.0000e+000   0.0000e+000   7.2747e+005  -9.4793e+005   5.9653e+005  -1.9365e+005
 8   182   10.6859  -3.1582e+005   7.0977e+005   4.9058e+005   0.0000e+000   0.0000e+000   0.0000e+000   1.5789e+006  -1.0366e+006   6.1288e+005  -3.7104e+005
 8   183   10.6859  -3.1582e+005   7.0977e+005   4.9058e+005   0.0000e+000   0.0000e+000   0.0000e+000   1.5789e+006  -1.0366e+006   6.1288e+005  -3.7104e+005
 8   184   10.6859  -3.1582e+005   7.0977e+005   4.9058e+005   0.0000e+000   0.0000e+000   0.0000e+000   1.5789e+006  -1.0366e+006   6.1288e+005  -3.7104e+005
 8   185   10.6859  -3.1582e+005   7.0977e+005   4.9058e+005   0.0000e+000   0.0000e+000   0.0000e+000   1.5789e+006  -1.0366e+006   6.1288e+005  -3.7104e+005
 8   186   10.6859  -3.1582e+005   7.0977e+005   4.9058e+005   0.0000e+000   0.0000e+000   0.0000e+000   1.5789e+006  -1.0366e+006   6.1288e+005  -3.7104e+005
 8   187   10.6859  -3.1582e+005   7.0977e+005   4.9058e+005   0.0000e+000   0.0000e+000   0.0000e+000   1.5789e+006  -1.0366e+006   6.1288e+005  -3.7104e+005
 8   188   10.6859  -3.1582e+005   7.0977e+005   4.9058e+005   0.0000e+000   0.0000e+000   0.0000e+000   1.5789e+006  -1.0366e+006   6.1288e+005  -3.7104e+005
 8   189   10.5565  -3.1680e+005   7.0464e+005   5.0147e+005   0.0000e+000   0.0000e+000   0.0000e+000   1.5837e+006  -1.0338e+006   6.1766e+005  -3.7202e+005
 8   190   10.3610  -3.1941e+005   6.9941e+005   5.1667e+005   0.0000e+000   0.0000e+000   0.0000e+000   1.5962e+006  -1.0314e+006   6.2502e+005  -3.7463e+005
 8   191   10.3610  -3.1941e+005   6.9941e+005   5.1667e+005   0.0000e+000   0.0000e+000   0.0000e+000   1.5962e+006  -1.0314e+006   6.2502e+005  -3.7463e+005
 8   192   10.3610  -3.1941e+005   6.9941e+005   5.1667e+005   0.0000e+000   0.0000e+000   0.0000e+000   1.5962e+006  -1.0314e+006   6.2502e+005  -3.7463e+005
 8   193   10.3610  -3.1941e+005   6.9941e+005   5.1667e+005   0.0000e+000   0.0000e+000   0.0000e+000   1.5962e+006  -1.0314e+006   6.2502e+005  -3.7463e+005
 8   194   10.3610  -3.1941e+005   6.9941e+005   5.1667e+005   0.0000e+000   0.0000e+000   0.0000e+000   1.5962e+006  -1.0314e+006   6.2502e+005  -3.7463e+005
 8   195   10.3610  -3.1941e+005   6.9941e+005   5.1667e+005   0.0000e+000   0.0000e+000   0.0000e+000   1.5962e+006  -1.0314e+006   6.2502e+005  -3.7463e+005
 8   196   10.3118  -3.2007e+005   6.9808e+005   5.2052e+005   0.0000e+000   0.0000e+000   0.0000e+000   1.5994e+006  -1.0308e+006   6.2689e+005  -3.7529e+005
 8   197   10.3118  -3.2007e+005   6.9808e+005   5.2052e+005   0.0000e+000   0.0000e+000   0.0000e+000   1.5994e+006  -1.0308e+006   6.2689e+005  -3.7529e+005
 8   198   10.3118  -3.2007e+005   6.9808e+005   5.2052e+005   0.0000e+000   0.0000e+000   0.0000e+000   1.5994e+006  -1.0308e+006   6.2689e+005  -3.7529e+005
 8   199   10.3118  -3.2007e+005   6.9808e+005   5.2052e+005   0.0000e+000   0.0000e+000   0.0000e+000   1.5994e+006  -1.0308e+006   6.2689e+005  -3.7529e+005
 8   200   10.3118  -3.2007e+005   6.9808e+005   5.2052e+005   0.0000e+000   0.0000e+000   0.0000e+000   1.5994e+006  -1.0308e+006   6.2689e+005  -3.7529e+005
 8   201   10.0227  -2.3710e+005   4.6910e+005   6.8471e+005   0.0000e+000   0.0000e+000   0.0000e+000   1.2011e+006  -9.7603e+005   6.4507e+005  -2.9232e+005
 8   202   10.0227  -2.3710e+005   4.6910e+005   6.8471e+005   0.0000e+000   0.0000e+000   0.0000e+000   1.2011e+006  -9.7603e+005   6.4507e+005  -2.9232e+005
 8   203   10.0227  -2.3710e+005   4.6910e+005   6.8471e+005   0.0000e+000   0.0000e+000   0.0000e+000   1.2011e+006  -9.7603e+005   6.4507e+005  -2.9232e+005
 8   204   10.0227  -2.3710e+005   4.6910e+005   6.8471e+005   0.0000e+000   0.0000e+000   0.0000e+000   1.2011e+006  -9.7603e+005   6.4507e+005  -2.9232e+005
 8   205   10.0227  -2.3710e+005   4.6910e+005   6.8471e+005   0.0000e+000   0.0000e+000   0.0000e+000   1.2011e+006  -9.7603e+005   6.4507e+005  -2.9232e+005
 8   206   10.0227  -2.3710e+005   4.6910e+005   6.8471e+005   0.0000e+000   0.0000e+000   0.0000e+000   1.2011e+006  -9.7603e+005   6.4507e+005  -2.9232e+005
 8   207    9.9616  -2.2920e+005   4.4519e+005   7.0379e+005   0.0000e+000   0.0000e+000   0.0000e+000   1.1632e+006  -9.7053e+005   6.4814e+005  -2.8442e+005
 8   208    9.9616  -2.2920e+005   4.4519e+005   7.0379e+005   0.0000e+000   0.0000e+000   0.0000e+000   1.1632e+006  -9.7053e+005   6.4814e+005  -2.8442e+005
 8   209    9.9217  -2.3482e+005   4.5700e+005   6.9875e+005   0.0000e+000   0.0000e+000   0.0000e+000   1.1902e+006  -9.7323e+005   6.4928e+005  -2.9005e+005
 8   210    9.9217  -2.3482e+005   4.5700e+005   6.9875e+005   0.0000e+000   0.0000e+000   0.0000e+000   1.1902e+006  -9.7323e+005   6.4928e+005  -2.9005e+005
 8   211    9.7870  -2.4015e+005   4.6211e+005   7.0392e+005   0.0000e+000   0.0000e+000   0.0000e+000   1.2158e+006  -9.7439e+005   6.5424e+005  -2.9538e+005
 8   212    9.6283  -2.4356e+005   4.6040e+005   7.1538e+005   0.0000e+000   0.0000e+000   0.0000e+000   1.2321e+006  -9.7400e+005   6.6057e+005  -2.9878e+005
 8   213    9.6283  -2.4356e+005   4.6040e+005   7.1538e+005   0.0000e+000   0.0000e+000   0.0000e+000   1.2321e+006  -9.7400e+005   6.6057e+005  -2.9878e+005
 8   214    9.6283  -2.4356e+005   4.6040e+005   7.1538e+005   0.0000e+000   0.0000e+000   0.0000e+000   1.2321e+006  -9.7400e+005   6.6057e+005  -2.9878e+005
 8   215    9.6283  -2.4356e+005   4.6040e+005   7.1538e+005   0.0000e+000   0.0000e+000   0.0000e+000   1.2321e+006  -9.7400e+005   6.6057e+005  -2.9878e+005
 8   216    9.6283  -2.4356e+005   4.6040e+005   7.1538e+005   0.0000e+000   0.0000e+000   0.0000e+000   1.2321e+006  -9.7400e+005   6.6057e+005  -2.9878e+005
 8   217    9.6254  -2.4341e+005   4.5984e+005   7.1592e+005   0.0000e+000   0.0000e+000   0.0000e+000   1.2314e+006  -9.7389e+005   6.6070e+005  -2.9863e+005
 8   218    9.6177  -2.4329e+005   4.5902e+005   7.1695e+005   0.0000e+000   0.0000e+000   0.0000e+000   1.2308e+006  -9.7375e+005   6.6103e+005  -2.9851e+005
 8   219    9.6132  -2.4321e+005   4.5854e+005   7.1755e+005   0.0000e+000   0.0000e+000   0.0000e+000   1.2304e+006  -9.7367e+005   6.6123e+005  -2.9844e+005
 8   220    9.6106  -2.4317e+005   4.5826e+005   7.1789e+005   0.0000e+000   0.0000e+000   0.0000e+000   1.2302e+006  -9.7363e+005   6.6134e+005  -2.9839e+005
 8   221    9.6106  -2.4317e+005   4.5826e+005   7.1789e+005   0.0000e+000   0.0000e+000   0.0000e+000   1.2302e+006  -9.7363e+005   6.6134e+005  -2.9839e+005
 8   222    9.6106  -2.4317e+005   4.5826e+005   7.1789e+005   0.0000e+000   0.0000e+000   0.0000e+000   1.2302e+006  -9.7363e+005   6.6134e+005  -2.9839e+005
 8   223    9.6106  -2.4317e+005   4.5826e+005   7.1789e+005   0.0000e+000   0.0000e+000   0.0000e+000   1.2302e+006  -9.7363e+005   6.6134e+005  -2.9839e+005
 8   224    9.6106  -2.4317e+005   4.5826e+005   7.1789e+005   0.0000e+000   0.0000e+000   0.0000e+000   1.2302e+006  -9.7363e+005   6.6134e+005  -2.9839e+005
 8   225    9.4864  -2.5137e+005   4.7096e+005   7.1793e+005   0.0000e+000   0.0000e+000   0.0000e+000   1.2696e+006  -9.7719e+005   6.6587e+005  -3.0659e+005
 8   226    9.4864  -2.5137e+005   4.7096e+005   7.1793e+005   0.0000e+000   0.0000e+000   0.0000e+000   1.2696e+006  -9.7719e+005   6.6587e+005  -3.0659e+005
 8   227    9.4864  -2.5137e+005   4.7096e+005   7.1793e+005   0.0000e+000   0.0000e+000   0.0000e+000   1.2696e+006  -9.7719e+005   6.6587e+005  -3.0659e+005
 8   228    9.4864  -2.5137e+005   4.7096e+005   7.1793e+005   0.0000e+000   0.0000e+000   0.0000e+000   1.2696e+006  -9.7719e+005   6.6587e+005  -3.0659e+005
 8   229    9.4864  -2.5137e+005   4.7096e+005   7.1793e+005   0.0000e+000   0.0000e+000   0.0000e+000   1.2696e+006  -9.7719e+005   6.6587e+005  -3.0659e+005
 8   230    9.4619  -2.5306e+005   4.7359e+005   7.1792e+005   0.0000e+000   0.0000e+000   0.0000e+000   1.2777e+006  -9.7792e+005   6.6680e+005  -3.0829e+005
 8   231    9.4619  -2.5306e+005   4.7359e+005   7.1792e+005   0.0000e+000   0.0000e+000   0.0000e+000   1.2777e+006  -9.7792e+005   6.6680e+005  -3.0829e+005
 8   232    9.4619  -2.5306e+005   4.7359e+005   7.1792e+005   0.0000e+000   0.0000e+000   0.0000e+000   1.2777e+006  -9.7792e+005   6.6680e+005  -3.0829e+005
 8   233    9.4619  -2.5306e+005   4.7359e+005   7.1792e+005   0.0000e+000   0.0000e+000   0.0000e+000   1.2777e+006  -9.7792e+005   6.6680e+005  -3.0829e+005
 8   234    9.4607  -2.5315e+005   4.7372e+005   7.1792e+005   0.0000e+000   0.0000e+000   0.0000e+000   1.2781e+006  -9.7796e+005   6.6685e+005  -3.0837e+005
 8   235    9.4601  -2.5318e+005   4.7377e+005   7.1792e+005   0.0000e+000   0.0000e+000   0.0000e+000   1.2783e+006  -9.7798e+005   6.6687e+005  -3.0841e+005
 8   236    9.4599  -2.5320e+005   4.7380e+005   7.1792e+005   0.0000e+000   0.0000e+000   0.0000e+000   1.2784e+006  -9.7798e+005   6.6688e+005  -3.0842e+005
 8   237    9.4598  -2.5321e+005   4.7381e+005   7.1792e+005   0.0000e+000   0.0000e+000   0.0000e+000   1.2784e+006  -9.7799e+005   6.6688e+005  -3.0843e+005
 8   238    9.4597  -2.5321e+005   4.7382e+005   7.1792e+005   0.0000e+000   0.0000e+000   0.0000e+000   1.2784e+006  -9.7799e+005   6.6689e+005  -3.0843e+005
 8   239    9.4597  -2.5321e+005   4.7382e+005   7.1792e+005   0.0000e+000   0.0000e+000   0.0000e+000   1.2784e+006  -9.7799e+005   6.6689e+005  -3.0843e+005
 8   240    9.4597  -2.5321e+005   4.7382e+005   7.1792e+005   0.0000e+000   0.0000e+000   0.0000e+000   1.2784e+006  -9.7799e+005   6.6689e+005  -3.0844e+005
 9   241   11.9847  -2.4694e+005   6.0520e+005   4.8683e+005   0.0000e+000   0.0000e+000   0.0000e+000   1.2483e+006  -1.0286e+006   5.7345e+005  -3.0217e+005
 9   242   11.6350  -2.4839e+005   5.9045e+005   5.1465e+005   0.0000e+000   0.0000e+000   0.0000e+000   1.2553e+006  -1.0194e+006   5.8508e+005  -3.0361e+005
 9   243   11.3763  -1.5487e+005   3.3662e+005   6.9277e+005   0.0000e+000   0.0000e+000   0.0000e+000   8.0641e+005  -9.5281e+005   6.0287e+005  -2.1010e+005
 9   244   11.3763  -1.5487e+005   3.3662e+005   6.9277e+005   0.0000e+000   0.0000e+000   0.0000e+000   8.0641e+005  -9.5281e+005   6.0287e+005  -2.1010e+005
 9   245   11.3763  -1.5487e+005   3.3662e+005   6.9277e+005   0.0000e+000   0.0000e+000   0.0000e+000   8.0641e+005  -9.5281e+005   6.0287e+005  -2.1010e+005
 9   246   11.1807  -2.0199e+005   4.4690e+005   6.3189e+005   0.0000e+000   0.0000e+000   0.0000e+000   1.0326e+006  -9.7779e+005   6.0515e+005  -2.5722e+005
 9   247   11.1807  -2.0199e+005   4.4690e+005   6.3189e+005   0.0000e+000   0.0000e+000   0.0000e+000   1.0326e+006  -9.7779e+005   6.0515e+005  -2.5722e+005
 9   248   10.5040  -2.5672e+005   5.4827e+005   6.0491e+005   0.0000e+000   0.0000e+000   0.0000e+000   1.2953e+006  -9.9644e+005   6.2482e+005  -3.1194e+005
 9   249   10.5040  -2.5672e+005   5.4827e+005   6.0491e+005   0.0000e+000   0.0000e+000   0.0000e+000   1.2953e+006  -9.9644e+005   6.2482e+005  -3.1194e+005
 9   250   10.5040  -2.5672e+005   5.4827e+005   6.0491e+005   0.0000e+000   0.0000e+000   0.0000e+000   1.2953e+006  -9.9644e+005   6.2482e+005  -3.1194e+005
 9   251   10.1452  -2.4463e+005   4.9583e+005   6.6009e+005   0.0000e+000   0.0000e+000   0.0000e+000   1.2373e+006  -9.8218e+005   6.3964e+005  -2.9986e+005
 9   252   10.1452  -2.4463e+005   4.9583e+005   6.6009e+005   0.0000e+000   0.0000e+000   0.0000e+000   1.2373e+006  -9.8218e+005   6.3964e+005  -2.9986e+005
 9   253   10.1452  -2.4463e+005   4.9583e+005   6.6009e+005   0.0000e+000   0.0000e+000   0.0000e+000   1.2373e+006  -9.8218e+005   6.3964e+005  -2.9986e+005
 9   254   10.1452  -2.4463e+005   4.9583e+005   6.6009e+005   0.0000e+000   0.0000e+000   0.0000e+000   1.2373e+006  -9.8218e+005   6.3964e+005  -2.9986e+005
 9   255   10.1452  -2.4463e+005   4.9583e+005   6.6009e+005   0.0000e+000   0.0000e+000   0.0000e+000   1.2373e+006  -9.8218e+005   6.3964e+005  -2.9986e+005
 9   256   10.1452  -2.4463e+005   4.9583e+005   6.6009e+005   0.0000e+000   0.0000e+000   0.0000e+000   1.2373e+006  -9.8218e+005   6.3964e+005  -2.9986e+005
 9   257   10.1452  -2.4463e+005   4.9583e+005   6.6009e+005   0.0000e+000   0.0000e+000   0.0000e+000   1.2373e+006  -9.8218e+005   6.3964e+005  -2.9986e+005
 9   258   10.1452  -2.4463e+005   4.9583e+005   6.6009e+005   0.0000e+000   0.0000e+000   0.0000e+000   1.2373e+006  -9.8218e+005   6.3964e+005  -2.9986e+005
 9   259    9.7916  -2.6633e+005   5.2883e+005   6.6117e+005   0.0000e+000   0.0000e+000   0.0000e+000   1.3414e+006  -9.8971e+005   6.5202e+005  -3.2156e+005
 9   260    9.7916  -2.6633e+005   5.2883e+005   6.6117e+005   0.0000e+000   0.0000e+000   0.0000e+000   1.3414e+006  -9.8971e+005   6.5202e+005  -3.2156e+005
 9   261    9.7916  -2.6633e+005   5.2883e+005   6.6117e+005   0.0000e+000   0.0000e+000   0.0000e+000   1.3414e+006  -9.8971e+005   6.5202e+005  -3.2156e+005
 9   262    9.7916  -2.6633e+005   5.2883e+005   6.6117e+005   0.0000e+000   0.0000e+000   0.0000e+000   1.3414e+006  -9.8971e+005   6.5202e+005  -3.2156e+005
 9   263    9.6960  -2.7247e+005   5.3816e+005   6.6148e+005   0.0000e+000   0.0000e+000   0.0000e+000   1.3709e+006  -9.9183e+005   6.5553e+005  -3.2769e+005
 9   264    9.6960  -2.7247e+005   5.3816e+005   6.6148e+005   0.0000e+000   0.0000e+000   0.0000e+000   1.3709e+006  -9.9183e+005   6.5553e+005  -3.2769e+005
 9   265    9.6960  -2.7247e+005   5.3816e+005   6.6148e+005   0.0000e+000   0.0000e+000   0.0000e+000   1.3709e+006  -9.9183e+005   6.5553e+005  -3.2769e+005
 9   266    9.6960  -2.7247e+005   5.3816e+005   6.6148e+005   0.0000e+000   0.0000e+000   0.0000e+000   1.3709e+006  -9.9183e+005   6.5553e+005  -3.2769e+005
 9   267    9.6960  -2.7247e+005   5.3816e+005   6.6148e+005   0.0000e+000   0.0000e+000   0.0000e+000   1.3709e+006  -9.9183e+005   6.5553e+005  -3.2769e+005
 9   268    9.6960  -2.7247e+005   5.3816e+005   6.6148e+005   0.0000e+000   0.0000e+000   0.0000e+000   1.3709e+006  -9.9183e+005   6.5553e+005  -3.2769e+005
 9   269    9.6960  -2.7247e+005   5.3816e+005   6.6148e+005   0.0000e+000   0.0000e+000   0.0000e+000   1.3709e+006  -9.9183e+005   6.5553e+005  -3.2769e+005
 9   270    9.6960  -2.7247e+005   5.3816e+005   6.6148e+005   0.0000e+000   0.0000e+000   0.0000e+000   1.3709e+006  -9.9183e+005   6.5553e+005  -3.2769e+005
 9   271    9.6960  -2.7247e+005   5.3816e+005   6.6148e+005   0.0000e+000   0.0000e+000   0.0000e+000   1.3709e+006  -9.9183e+005   6.5553e+005  -3.2769e+005
 9   272    9.6932  -2.7264e+005   5.3843e+005   6.6149e+005   0.0000e+000   0.0000e+000   0.0000e+000   1.3717e+006  -9.9189e+005   6.5563e+005  -3.2787e+005
 9   273    9.6932  -2.7264e+005   5.3843e+005   6.6149e+005   0.0000e+000   0.0000e+000   0.0000e+000   1.3717e+006  -9.9189e+005   6.5563e+005  -3.2787e+005
 9   274    9.6921  -2.7271e+005   5.3853e+005   6.6149e+005   0.0000e+000   0.0000e+000   0.0000e+000   1.3720e+006  -9.9192e+005   6.5567e+005  -3.2794e+005
 9   275    9.6921  -2.7271e+005   5.3853e+005   6.6149e+005   0.0000e+000   0.0000e+000   0.0000e+000   1.3720e+006  -9.9192e+005   6.5567e+005  -3.2794e+005
 9   276    9.6921  -2.7271e+005   5.3853e+005   6.6149e+005   0.0000e+000   0.0000e+000   0.0000e+000   1.3720e+006  -9.9192e+005   6.5567e+005  -3.2794e+005
 9   277    9.6921  -2.7271e+005   5.3853e+005   6.6149e+005   0.0000e+000   0.0000e+000   0.0000e+000   1.3720e+006  -9.9192e+005   6.5567e+005  -3.2794e+005
 9   278    9.6921  -2.7271e+005   5.3853e+005   6.6149e+005   0.0000e+000   0.0000e+000   0.0000e+000   1.3720e+006  -9.9192e+005   6.5567e+005  -3.2794e+005
 9   279    9.6921  -2.7271e+005   5.3853e+005   6.6149e+005   0.0000e+000   0.0000e+000   0.0000e+000   1.3720e+006  -9.9192e+005   6.5567e+005  -3.2794e+005
 9   280    9.6921  -2.7271e+005   5.3853e+005   6.6149e+005   0.0000e+000   0.0000e+000   0.0000e+000   1.3720e+006  -9.9192e+005   6.5567e+005  -3.2794e+005
 9   281    9.6921  -2.7271e+005   5.3853e+005   6.6149e+005   0.0000e+000   0.0000e+000   0.0000e+000   1.3720e+006  -9.9192e+005   6.5567e+005  -3.2794e+005
 9   282    9.6921  -2.7271e+005   5.3853e+005   6.6149e+005   0.0000e+000   0.0000e+000   0.0000e+000   1.3720e+006  -9.9192e+005   6.5567e+005  -3.2794e+005
 9   283    9.6921  -2.7272e+005   5.3853e+005   6.6149e+005   0.0000e+000   0.0000e+000   0.0000e+000   1.3720e+006  -9.9192e+005   6.5567e+005  -3.2794e+005
 9   284    9.6921  -2.7272e+005   5.3853e+005   6.6149e+005   0.0000e+000   0.0000e+000   0.0000e+000   1.3721e+006  -9.9192e+005   6.5567e+005  -3.2794e+005
 9   285    9.6921  -2.7272e+005   5.3853e+005   6.6149e+005   0.0000e+000   0.0000e+000   0.0000e+000   1.3721e+006  -9.9192e+005   6.5567e+005  -3.2794e+005
 9   286    9.6921  -2.7272e+005   5.3853e+005   6.6149e+005   0.0000e+000   0.0000e+000   0.0000e+000   1.3721e+006  -9.9192e+005   6.5567e+005  -3.2794e+005
 9   287    9.6921  -2.7272e+005   5.3853e+005   6.6149e+005   0.0000e+000   0.0000e+000   0.0000e+000   1.3721e+006  -9.9192e+005   6.5567e+005  -3.2794e+005
 9   288    9.6921  -2.7272e+005   5.3853e+005   6.6149e+005   0.0000e+000   0.0000e+000   0.0000e+000   1.3721e+006  -9.9192e+005   6.5567e+005  -3.2794e+005
 9   289    9.6921  -2.7272e+005   5.3853e+005   6.6149e+005   0.0000e+000   0.0000e+000   0.0000e+000   1.3721e+006  -9.9192e+005   6.5567e+005  -3.2794e+005
 9   290    9.6921  -2.7272e+005   5.3853e+005   6.6149e+005   0.0000e+000   0.0000e+000   0.0000e+000   1.3721e+006  -9.9192e+005   6.5567e+005  -3.2794e+005
 9   291    9.6921  -2.7272e+005   5.3853e+005   6.6149e+005   0.0000e+000   0.0000e+000   0.0000e+000   1.3721e+006  -9.9192e+005   6.5567e+005  -3.2794e+005
 9   292    9.6921  -2.7272e+005   5.3853e+005   6.6149e+005   0.0000e+000   0.0000e+000   0.0000e+000   1.3721e+006  -9.9192e+005   6.5567e+005  -3.2794e+005
 9   293    9.6921  -2.7272e+005   5.3853e+005   6.6149e+005   0.0000e+000   0.0000e+000   0.0000e+000   1.3721e+006  -9.9192e+005   6.5567e+005  -3.2794e+005
 9   294    9.6921  -2.7272e+005   5.3853e+005   6.6149e+005   0.0000e+000   0.0000e+000   0.0000e+000   1.3721e+006  -9.9192e+005   6.5567e+005  -3.2794e+005
 9   295    9.6921  -2.7272e+005   5.3853e+005   6.6149e+005   0.0000e+000   0.0000e+000   0.0000e+000   1.3721e+006  -9.9192e+005   6.5567e+005  -3.2794e+005
 9   296    9.6921  -2.7272e+005   5.3853e+005   6.6149e+005   0.0000e+000   0.0000e+000   0.0000e+000   1.3721e+006  -9.9192e+005   6.5567e+005  -3.2794e+005
 9   297    9.6921  -2.7272e+005   5.3853e+005   6.6149e+005   0.0000e+000   0.0000e+000   0.0000e+000   1.3721e+006  -9.9192e+005   6.5567e+005  -3.2794e+005
 9   298    9.6921  -2.7272e+005   5.3853e+005   6.6149e+005   0.0000e+000   0.0000e+000   0.0000e+000   1.3721e+006  -9.9192e+005   6.5567e+005  -3.2794e+005
 9   299    9.6892  -2.7211e+005   5.3681e+005   6.6278e+005   0.0000e+000   0.0000e+000   0.0000e+000   1.3691e+006  -9.9152e+005   6.5583e+005  -3.2733e+005
 9   300    9.6843  -2.7199e+005   5.3618e+005   6.6350e+005   0.0000e+000   0.0000e+000   0.0000e+000   1.3686e+006  -9.9138e+005   6.5605e+005  -3.2721e+005
10   301   11.6902  -1.4012e+005   3.1520e+005   6.9038e+005   0.0000e+000   0.0000e+000   0.0000e+000   7.3560e+005  -9.5077e+005   5.9381e+005  -1.9535e+005
10   302   11.5062  -2.3834e+005   5.5786e+005   5.4253e+005   0.0000e+000   0.0000e+000   0.0000e+000   1.2071e+006  -1.0091e+006   5.9039e+005  -2.9357e+005
10   303   11.5062  -2.3834e+005   5.5786e+005   5.4253e+005   0.0000e+000   0.0000e+000   0.0000e+000   1.2071e+006  -1.0091e+006   5.9039e+005  -2.9357e+005
10   304   11.5062  -2.3834e+005   5.5786e+005   5.4253e+005   0.0000e+000   0.0000e+000   0.0000e+000   1.2071e+006  -1.0091e+006   5.9039e+005  -2.9357e+005
10   305   10.8819  -1.6618e+005   3.3875e+005   7.1800e+005   0.0000e+000   0.0000e+000   0.0000e+000   8.6067e+005  -9.4890e+005   6.1893e+005  -2.2140e+005
10   306   10.8819  -1.6618e+005   3.3875e+005   7.1800e+005   0.0000e+000   0.0000e+000   0.0000e+000   8.6067e+005  -9.4890e+005   6.1893e+005  -2.2140e+005
10   307   10.8819  -1.6618e+005   3.3875e+005   7.1800e+005   0.0000e+000   0.0000e+000   0.0000e+000   8.6067e+005  -9.4890e+005   6.1893e+005  -2.2140e+005
10   308   10.8819  -1.6618e+005   3.3875e+005   7.1800e+005   0.0000e+000   0.0000e+000   0.0000e+000   8.6067e+005  -9.4890e+005   6.1893e+005  -2.2140e+005
10   309   10.8819  -1.6618e+005   3.3875e+005   7.1800e+005   0.0000e+000   0.0000e+000   0.0000e+000   8.6067e+005  -9.4890e+005   6.1893e+005  -2.2140e+005
10   310   10.6521  -1.7916e+005   3.5889e+005   7.1800e+005   0.0000e+000   0.0000e+000   0.0000e+000   9.2297e+005  -9.5241e+005   6.2609e+005  -2.3438e+005
10   311    9.9849  -2.1897e+005   4.2066e+005   7.1800e+005   0.0000e+000   0.0000e+000   0.0000e+000   1.1141e+006  -9.6490e+005   6.4804e+005  -2.7420e+005
10   312    9.9849  -2.1897e+005   4.2066e+005   7.1800e+005   0.0000e+000   0.0000e+000   0.0000e+000   1.1141e+006  -9.6490e+005   6.4804e+005  -2.7420e+005
10   313    9.9849  -2.1897e+005   4.2066e+005   7.1800e+005   0.0000e+000   0.0000e+000   0.0000e+000   1.1141e+006  -9.6490e+005   6.4804e+005  -2.7420e+005
10   314    9.9849  -2.1897e+005   4.2066e+005   7.1800e+005   0.0000e+000   0.0000e+000   0.0000e+000   1.1141e+006  -9.6490e+005   6.4804e+005  -2.7420e+005
10   315    9.9849  -2.1897e+005   4.2066e+005   7.1800e+005   0.0000e+000   0.0000e+000   0.0000e+000   1.1141e+006  -9.6490e+005   6.4804e+005  -2.7420e+005
10   316    9.9849  -2.1897e+005   4.2066e+005   7.1800e+005   0.0000e+000   0.0000e+000   0.0000e+000   1.1141e+006  -9.6490e+005   6.4804e+005  -2.7420e+005
10   317    9.9849  -2.1897e+005   4.2066e+005   7.1800e+005   0.0000e+000   0.0000e+000   0.0000e+000   1.1141e+006  -9.6490e+005   6.4804e+005  -2.7420e+005
10   318    9.9849  -2.1897e+005   4.2066e+005   7.1800e+005   0.0000e+000   0.0000e+000   0.0000e+000   1.1141e+006  -9.6490e+005   6.4804e+005  -2.7420e+005
10   319    9.9849  -2.1897e+005   4.2066e+005   7.1800e+005   0.0000e+000   0.0000e+000   0.0000e+000   1.1141e+006  -9.6490e+005   6.4804e+005  -2.7420e+005
10   320    9.9849  -2.1897e+005   4.2066e+005   7.1800e+005   0.0000e+000   0.0000e+000   0.0000e+000   1.1141e+006  -9.6490e+005   6.4804e+005  -2.7420e+005
10   321    9.9849  -2.1897e+005   4.2066e+005   7.1800e+005   0.0000e+000   0.0000e+000   0.0000e+000   1.1141e+006  -9.6490e+005   6.4804e+005  -2.7420e+005
10   322    9.9849  -2.1897e+005   4.2066e+005   7.1800e+005   0.0000e+000   0.0000e+000   0.0000e+000   1.1141e+006  -9.6490e+005   6.4804e+005  -2.7420e+005
10   323    9.8414  -2.2803e+005   4.3471e+005   7.1800e+005   0.0000e+000   0.0000e+000   0.0000e+000   1.1576e+006  -9.6811e+005   6.5303e+005  -2.8326e+005
10   324    9.8414  -2.2803e+005   4.3471e+005   7.1800e+005   0.0000e+000   0.0000e+000   0.0000e+000   1.1576e+006  -9.6811e+005   6.5303e+005  -2.8326e+005
10   325    9.8414  -2.2803e+005   4.3471e+005   7.1800e+005   0.0000e+000   0.0000e+000   0.0000e+000   1.1576e+006  -9.6811e+005   6.5303e+005  -2.8326e+005
10   326    9.8414  -2.2803e+005   4.3471e+005   7.1800e+005   0.0000e+000   0.0000e+000   0.0000e+000   1.1576e+006  -9.6811e+005   6.5303e+005  -2.8326e+005
10   327    9.8078  -2.3016e+005   4.3801e+005   7.1800e+005   0.0000e+000   0.0000e+000   0.0000e+000   1.1678e+006  -9.6886e+005   6.5420e+005  -2.8538e+005
10   328    9.8078  -2.3016e+005   4.3801e+005   7.1800e+005   0.0000e+000   0.0000e+000   0.0000e+000   1.1678e+006  -9.6886e+005   6.5420e+005  -2.8538e+005
10   329    9.8078  -2.3016e+005   4.3801e+005   7.1800e+005   0.0000e+000   0.0000e+000   0.0000e+000   1.1678e+006  -9.6886e+005   6.5420e+005  -2.8538e+005
10   330    9.8078  -2.3016e+005   4.3801e+005   7.1800e+005   0.0000e+000   0.0000e+000   0.0000e+000   1.1678e+006  -9.6886e+005   6.5420e+005  -2.8538e+005
10   331    9.8013  -2.3057e+005   4.3864e+005   7.1800e+005   0.0000e+000   0.0000e+000   0.0000e+000   1.1697e+006  -9.6900e+005   6.5443e+005  -2.8579e+005
10   332    9.8013  -2.3057e+005   4.3864e+005   7.1800e+005   0.0000e+000   0.0000e+000   0.0000e+000   1.1697e+006  -9.6900e+005   6.5443e+005  -2.8579e+005
10   333    9.8013  -2.3057e+005   4.3864e+005   7.1800e+005   0.0000e+000   0.0000e+000   0.0000e+000   1.1697e+006  -9.6900e+005   6.5443e+005  -2.8579e+005
10   334    9.8013  -2.3057e+005   4.3864e+005   7.1800e+005   0.0000e+000   0.0000e+000   0.0000e+000   1.1697e+006  -9.6900e+005   6.5443e+005  -2.8579e+005
10   335    9.8013  -2.3057e+005   4.3864e+005   7.1800e+005   0.0000e+000   0.0000e+000   0.0000e+000   1.1697e+006  -9.6900e+005   6.5443e+005  -2.8579e+005
10   336    9.8007  -2.3060e+005   4.3870e+005   7.1800e+005   0.0000e+000   0.0000e+000   0.0000e+000   1.1699e+006  -9.6902e+005   6.5445e+005  -2.8583e+005
10   337    9.8003  -2.3063e+005   4.3874e+005   7.1800e+005   0.0000e+000   0.0000e+000   0.0000e+000   1.1700e+006  -9.6902e+005   6.5446e+005  -2.8585e+005
10   338    9.8003  -2.3063e+005   4.3874e+005   7.1800e+005   0.0000e+000   0.0000e+000   0.0000e+000   1.1700e+006  -9.6902e+005   6.5446e+005  -2.8585e+005
10   339    9.8003  -2.3063e+005   4.3874e+005   7.1800e+005   0.0000e+000   0.0000e+000   0.0000e+000   1.1700e+006  -9.6902e+005   6.5446e+005  -2.8585e+005
10   340    9.8003  -2.3063e+005   4.3874e+005   7.1800e+005   0.0000e+000   0.0000e+000   0.0000e+000   1.1700e+006  -9.6902e+005   6.5446e+005  -2.8585e+005
10   341    9.8003  -2.3063e+005   4.3874e+005   7.1800e+005   0.0000e+000   0.0000e+000   0.0000e+000   1.1700e+006  -9.6902e+005   6.5446e+005  -2.8585e+005
10   342    9.8003  -2.3063e+005   4.3874e+005   7.1800e+005   0.0000e+000   0.0000e+000   0.0000e+000   1.1700e+006  -9.6902e+005   6.5446e+005  -2.8585e+005
10   343    9.8003  -2.3063e+005   4.3874e+005   7.1800e+005   0.0000e+000   0.0000e+000   0.0000e+000   1.1700e+006  -9.6902e+005   6.5446e+005  -2.8585e+005
10   344    9.8003  -2.3063e+005   4.3874e+005   7.1800e+005   0.0000e+000   0.0000e+000   0.0000e+000   1.1700e+006  -9.6902e+005   6.5446e+005  -2.8585e+005
10   345    9.8003  -2.3063e+005   4.3874e+005   7.1800e+005   0.0000e+000   0.0000e+000   0.0000e+000   1.1700e+006  -9.6902e+005   6.5446e+005  -2.8585e+005
10   346    9.8003  -2.3063e+005   4.3874e+005   7.1800e+005   0.0000e+000   0.0000e+000   0.0000e+000   1.1700e+006  -9.6902e+005   6.5446e+005  -2.8585e+005
10   347    9.8003  -2.3063e+005   4.3874e+005   7.1800e+005   0.0000e+000   0.0000e+000   0.0000e+000   1.1700e+006  -9.6902e+005   6.5446e+005  -2.8585e+005
10   348    9.8003  -2.3063e+005   4.3874e+005   7.1800e+005   0.0000e+000   0.0000e+000   0.0000e+000   1.1700e+006  -9.6902e+005   6.5446e+005  -2.8585e+005
10   349    9.8003  -2.3063e+005   4.3874e+005   7.1800e+005   0.0000e+000   0.0000e+000   0.0000e+000   1.1700e+006  -9.6902e+005   6.5446e+005  -2.8585e+005
10   350    9.8003  -2.3063e+005   4.3874e+005   7.1800e+005   0.0000e+000   0.0000e+000   0.0000e+000   1.1700e+006  -9.6902e+005   6.5446e+005  -2.8585e+005
10   351    9.8003  -2.3063e+005   4.3874e+005   7.1800e+005   0.0000e+000   0.0000e+000   0.0000e+000   1.1700e+006  -9.6902e+005   6.5446e+005  -2.8585e+005
10   352    9.8003  -2.3063e+005   4.3874e+005   7.1800e+005   0.0000e+000   0.0000e+000   0.0000e+000   1.1700e+006  -9.6902e+005   6.5446e+005  -2.8585e+005
10   353    9.8003  -2.3063e+005   4.3874e+005   7.1800e+005   0.0000e+000   0.0000e+000   0.0000e+000   1.1700e+006  -9.6902e+005   6.5446e+005  -2.8585e+005
10   354    9.8003  -2.3063e+005   4.3874e+005   7.1800e+005   0.0000e+000   0.0000e+000   0.0000e+000   1.1700e+006  -9.6902e+005   6.5446e+005  -2.8585e+005
10   355    9.8003  -2.3063e+005   4.3874e+005   7.1800e+005   0.0000e+000   0.0000e+000   0.0000e+000   1.1700e+006  -9.6902e+005   6.5446e+005  -2.8585e+005
10   356    9.8003  -2.3063e+005   4.3874e+005   7.1800e+005   0.0000e+000   0.0000e+000   0.0000e+000   1.1700e+006  -9.6902e+005   6.5446e+005  -2.8585e+005
10   357    9.8003  -2.3063e+005   4.3874e+005   7.1800e+005   0.0000e+000   0.0000e+000   0.0000e+000   1.1700e+006  -9.6902e+005   6.5446e+005  -2.8585e+005
10   358    9.8003  -2.3063e+005   4.3874e+005   7.1800e+005   0.0000e+000   0.0000e+000   0.0000e+000   1.1700e+006  -9.6902e+005   6.5446e+005  -2.8585e+005
10   359    9.8003  -2.3063e+005   4.3874e+005   7.1800e+005   0.0000e+000   0.0000e+000   0.0000e+000   1.1700e+006  -9.6902e+005   6.5446e+005  -2.8585e+005
10   360    9.8003  -2.3063e+005   4.3874e+005   7.1800e+005   0.0000e+000   0.0000e+000   0.0000e+000   1.1700e+006  -9.6902e+005   6.5446e+005  -2.8585e+005
11   361    9.6415  -2.4106e+005   4.5492e+005   7.1800e+005   0.0000e+000   0.0000e+000   0.0000e+000   1.2201e+006  -9.7272e+005   6.6022e+005  -2.9629e+005
11   362    9.6415  -2.4106e+005   4.5492e+005   7.1800e+005   0.0000e+000   0.0000e+000   0.0000e+000   1.2201e+006  -9.7272e+005   6.6022e+005  -2.9629e+005
11   363    9.5759  -2.4540e+005   4.6165e+005   7.1800e+005   0.0000e+000   0.0000e+000   0.0000e+000   1.2409e+006  -9.7459e+005   6.6261e+005  -3.0062e+005
11   364    9.5759  -2.4540e+005   4.6165e+005   7.1800e+005   0.0000e+000   0.0000e+000   0.0000e+000   1.2409e+006  -9.7459e+005   6.6261e+005  -3.0062e+005
11   365    9.5759  -2.4540e+005   4.6165e+005   7.1800e+005   0.0000e+000   0.0000e+000   0.0000e+000   1.2409e+006  -9.7459e+005   6.6261e+005  -3.0062e+005
11   366    9.5759  -2.4540e+005   4.6165e+005   7.1800e+005   0.0000e+000   0.0000e+000   0.0000e+000   1.2409e+006  -9.7459e+005   6.6261e+005  -3.0062e+005
11   367    9.5759  -2.4540e+005   4.6165e+005   7.1800e+005   0.0000e+000   0.0000e+000   0.0000e+000   1.2409e+006  -9.7459e+005   6.6261e+005  -3.0062e+005
11   368    9.5759  -2.4540e+005   4.6165e+005   7.1800e+005   0.0000e+000   0.0000e+000   0.0000e+000   1.2409e+006  -9.7459e+005   6.6261e+005  -3.0062e+005
11   369    9.5759  -2.4540e+005   4.6165e+005   7.1800e+005   0.0000e+000   0.0000e+000   0.0000e+000   1.2409e+006  -9.7459e+005   6.6261e+005  -3.0062e+005
11   370    9.5759  -2.4540e+005   4.6165e+005   7.1800e+005   0.0000e+000   0.0000e+000   0.0000e+000   1.2409e+006  -9.7459e+005   6.6261e+005  -3.0062e+005
11   371    9.5759  -2.4540e+005   4.6165e+005   7.1800e+005   0.0000e+000   0.0000e+000   0.0000e+000   1.2409e+006  -9.7459e+005   6.6261e+005  -3.0062e+005
11   372    9.5759  -2.4540e+005   4.6165e+005   7.1800e+005   0.0000e+000   0.0000e+000   0.0000e+000   1.2409e+006  -9.7459e+005   6.6261e+005  -3.0062e+005
11   373    9.5759  -2.4540e+005   4.6165e+005   7.1800e+005   0.0000e+000   0.0000e+000   0.0000e+000   1.2409e+006  -9.7459e+005   6.6261e+005  -3.0062e+005
11   374    9.5759  -2.4540e+005   4.6165e+005   7.1800e+005   0.0000e+000   0.0000e+000   0.0000e+000   1.2409e+006  -9.7459e+005   6.6261e+005  -3.0062e+005
11   375    9.5759  -2.4540e+005   4.6165e+005   7.1800e+005   0.0000e+000   0.0000e+000   0.0000e+000   1.2409e+006  -9.7459e+005   6.6261e+005  -3.0062e+005
11   376    9.5759  -2.4540e+005   4.6165e+005   7.1800e+005   0.0000e+000   0.0000e+000   0.0000e+000   1.2409e+006  -9.7459e+005   6.6261e+005  -3.0062e+005
11   377    9.5759  -2.4540e+005   4.6165e+005   7.1800e+005   0.0000e+000   0.0000e+000   0.0000e+000   1.2409e+006  -9.7459e+005   6.6261e+005  -3.0062e+005
11   378    9.5759  -2.4540e+005   4.6165e+005   7.1800e+005   0.0000e+000   0.0000e+000   0.0000e+000   1.2409e+006  -9.7459e+005   6.6261e+005  -3.0062e+005
11   379    9.5759  -2.4540e+005   4.6165e+005   7.1800e+005   0.0000e+000   0.0000e+000   0.0000e+000   1.2409e+006  -9.7459e+005   6.6261e+005  -3.0062e+005
11   380    9.5759  -2.4540e+005   4.6165e+005   7.1800e+005   0.0000e+000   0.0000e+000   0.0000e+000   1.2409e+006  -9.7459e+005   6.6261e+005  -3.0062e+005
11   381    9.5759  -2.4540e+005   4.6165e+005   7.1800e+005   0.0000e+000   0.0000e+000   0.0000e+000   1.2409e+006  -9.7459e+005   6.6261e+005  -3.0062e+005
11   382    9.5759  -2.4540e+005   4.6165e+005   7.1800e+005   0.0000e+000   0.0000e+000   0.0000e+000   1.2409e+006  -9.7459e+005   6.6261e+005  -3.0062e+005
11   383    9.5759  -2.4540e+005   4.6165e+005   7.1800e+005   0.0000e+000   0.0000e+000   0.0000e+000   1.2409e+006  -9.7459e+005   6.6261e+005  -3.0062e+005
11   384    9.5759  -2.4540e+005   4.6165e+005   7.1800e+005   0.0000e+000   0.0000e+000   0.0000e+000   1.2409e+006  -9.7459e+005   6.6261e+005  -3.0062e+005
11   385    9.5759  -2.4540e+005   4.6165e+005   7.1800e+005   0.0000e+000   0.0000e+000   0.0000e+000   1.2409e+006  -9.7459e+005   6.6261e+005  -3.0062e+005
11   386    9.5759  -2.4540e+005   4.6165e+005   7.1800e+005   0.0000e+000   0.0000e+000   0.0000e+000   1.2409e+006  -9.7459e+005   6.6261e+005  -3.0062e+005
11   387    9.5759  -2.4540e+005   4.6165e+005   7.1800e+005   0.0000e+000   0.0000e+000   0.0000e+000   1.2409e+006  -9.7459e+005   6.6261e+005  -3.0062e+005
11   388    9.5759  -2.4540e+005   4.6165e+005   7.1800e+005   0.0000e+000   0.0000e+000   0.0000e+000   1.2409e+006  -9.7459e+005   6.6261e+005  -3.0062e+005
11   389    9.5759  -2.4540e+005   4.6165e+005   7.1800e+005   0.0000e+000   0.0000e+000   0.0000e+000   1.2409e+006  -9.7459e+005   6.6261e+005  -3.0062e+005
11   390    9.5759  -2.4540e+005   4.6165e+005   7.1800e+005   0.0000e+000   0.0000e+000   0.0000e+000   1.2409e+006  -9.7459e+005   6.6261e+005  -3.0062e+005
11   391    9.5759  -2.4540e+005   4.6165e+005   7.1800e+005   0.0000e+000   0.0000e+000   0.0000e+000   1.2409e+006  -9.7459e+005   6.6261e+005  -3.0062e+005
11   392    9.5759  -2.4540e+005   4.6165e+005   7.1800e+005   0.0000e+000   0.0000e+000   0.0000e+000   1.2409e+006  -9.7459e+005   6.6261e+005  -3.0062e+005
11   393    9.5759  -2.4540e+005   4.6165e+005   7.1800e+005   0.0000e+000   0.0000e+000   0.0000e+000   1.2409e+006  -9.7459e+005   6.6261e+005  -3.0062e+005
11   394    9.5759  -2.4540e+005   4.6165e+005   7.1800e+005   0.0000e+000   0.0000e+000   0.0000e+000   1.2409e+006  -9.7459e+005   6.6261e+005  -3.0062e+005
11   395    9.5759  -2.4540e+005   4.6165e+005   7.1800e+005   0.0000e+000   0.0000e+000   0.0000e+000   1.2409e+006  -9.7459e+005   6.6261e+005  -3.0062e+005
11   396    9.5759  -2.4540e+005   4.6165e+005   7.1800e+005   0.0000e+000   0.0000e+000   0.0000e+000   1.2409e+006  -9.7459e+005   6.6261e+005  -3.0062e+005
11   397    9.5759  -2.4540e+005   4.6165e+005   7.1800e+005   0.0000e+000   0.0000e+000   0.0000e+000   1.2409e+006  -9.7459e+005   6.6261e+005  -3.0062e+005
11   398    9.5759  -2.4540e+005   4.6165e+005   7.1800e+005   0.0000e+000   0.0000e+000   0.0000e+000   1.2409e+006  -9.7459e+005   6.6261e+005  -3.0062e+005
11   399    9.5759  -2.4540e+005   4.6165e+005   7.1800e+005   0.0000e+000   0.0000e+000   0.0000e+000   1.2409e+006  -9.7459e+005   6.6261e+005  -3.0062e+005
11   400    9.5759  -2.4540e+005   4.6165e+005   7.1800e+005   0.0000e+000   0.0000e+000   0.0000e+000   1.2409e+006  -9.7459e+005   6.6261e+005  -3.0062e+005
11   401    9.4649  -2.5280e+005   4.7314e+005   7.1800e+005   0.0000e+000   0.0000e+000   0.0000e+000   1.2765e+006  -9.7781e+005   6.6669e+005  -3.0803e+005
11   402    9.4649  -2.5280e+005   4.7314e+005   7.1800e+005   0.0000e+000   0.0000e+000   0.0000e+000   1.2765e+006  -9.7781e+005   6.6669e+005  -3.0803e+005
11   403    9.4649  -2.5280e+005   4.7314e+005   7.1800e+005   0.0000e+000   0.0000e+000   0.0000e+000   1.2765e+006  -9.7781e+005   6.6669e+005  -3.0803e+005
11   404    9.4649  -2.5280e+005   4.7314e+005   7.1800e+005   0.0000e+000   0.0000e+000   0.0000e+000   1.2765e+006  -9.7781e+005   6.6669e+005  -3.0803e+005
11   405    9.4649  -2.5280e+005   4.7314e+005   7.1800e+005   0.0000e+000   0.0000e+000   0.0000e+000   1.2765e+006  -9.7781e+005   6.6669e+005  -3.0803e+005
11   406    9.4649  -2.5280e+005   4.7314e+005   7.1800e+005   0.0000e+000   0.0000e+000   0.0000e+000   1.2765e+006  -9.7781e+005   6.6669e+005  -3.0803e+005
11   407    9.4603  -2.5312e+005   4.7363e+005   7.1800e+005   0.0000e+000   0.0000e+000   0.0000e+000   1.2780e+006  -9.7794e+005   6.6687e+005  -3.0834e+005
11   408    9.4603  -2.5312e+005   4.7363e+005   7.1800e+005   0.0000e+000   0.0000e+000   0.0000e+000   1.2780e+006  -9.7794e+005   6.6687e+005  -3.0834e+005
11   409    9.4603  -2.5312e+005   4.7363e+005   7.1800e+005   0.0000e+000   0.0000e+000   0.0000e+000   1.2780e+006  -9.7794e+005   6.6687e+005  -3.0834e+005
11   410    9.4597  -2.5316e+005   4.7370e+005   7.1800e+005   0.0000e+000   0.0000e+000   0.0000e+000   1.2782e+006  -9.7796e+005   6.6689e+005  -3.0839e+005
11   411    9.4597  -2.5316e+005   4.7370e+005   7.1800e+005   0.0000e+000   0.0000e+000   0.0000e+000   1.2782e+006  -9.7796e+005   6.6689e+005  -3.0839e+005
11   412    9.4593  -2.5319e+005   4.7374e+005   7.1800e+005   0.0000e+000   0.0000e+000   0.0000e+000   1.2783e+006  -9.7797e+005   6.6690e+005  -3.0841e+005
11   413    9.4593  -2.5319e+005   4.7374e+005   7.1800e+005   0.0000e+000   0.0000e+000   0.0000e+000   1.2783e+006  -9.7797e+005   6.6690e+005  -3.0841e+005
11   414    9.4593  -2.5319e+005   4.7374e+005   7.1800e+005   0.0000e+000   0.0000e+000   0.0000e+000   1.2783e+006  -9.7797e+005   6.6690e+005  -3.0841e+005
11   415    9.4593  -2.5319e+005   4.7374e+005   7.1800e+005   0.0000e+000   0.0000e+000   0.0000e+000   1.2783e+006  -9.7797e+005   6.6690e+005  -3.0841e+005
11   416    9.4593  -2.5319e+005   4.7374e+005   7.1800e+005   0.0000e+000   0.0000e+000   0.0000e+000   1.2783e+006  -9.7797e+005   6.6690e+005  -3.0842e+005
11   417    9.4593  -2.5319e+005   4.7374e+005   7.1800e+005   0.0000e+000   0.0000e+000   0.0000e+000   1.2783e+006  -9.7798e+005   6.6691e+005  -3.0842e+005
11   418    9.4593  -2.5319e+005   4.7374e+005   7.1800e+005   0.0000e+000   0.0000e+000   0.0000e+000   1.2783e+006  -9.7798e+005   6.6691e+005  -3.0842e+005
11   419    9.4593  -2.5319e+005   4.7374e+005   7.1800e+005   0.0000e+000   0.0000e+000   0.0000e+000   1.2783e+006  -9.7798e+005   6.6691e+005  -3.0842e+005
11   420    9.4593  -2.5319e+005   4.7374e+005   7.1800e+005   0.0000e+000   0.0000e+000   0.0000e+000   1.2783e+006  -9.7798e+005   6.6691e+005  -3.0842e+005
